uuid: f5d2da74-b8cc-4aa5-f880-b4ac523f6ee6
timestamps:
  login: 1497227425660
  lastteleport: 1497236737399
  logout: 1497237622788
ipAddress: 179.182.157.53
homes:
  home:
    world: world
    x: -337.79881343637777
    y: 63.0
    z: 535.9240178291183
    yaw: 256.0012
    pitch: 25.050003
  home2:
    world: world
    x: -735.2097071863839
    y: 63.0
    z: -346.2631777573079
    yaw: 238.45227
    pitch: 30.150053
  homel:
    world: world
    x: -734.7480196423318
    y: 63.0
    z: -347.0214262493354
    yaw: 275.35086
    pitch: 25.200056
lastlocation:
  world: world
  x: -726.9430657477054
  y: 63.0
  z: -287.89807436622937
  yaw: 336.40216
  pitch: 21.75005
money: '150'
logoutlocation:
  world: world
  x: -730.706941087336
  y: 59.0
  z: -348.842677808677
  yaw: 203.50153
  pitch: 0.9000664
afk: false
