world: world
x: -740.0303154700399
y: 24.0
z: -298.0129363594554
yaw: 92.2045
pitch: 10.350333
name: aranhaspawn
