world: world
x: -1266.2296874090891
y: 74.0
z: -1144.358151054867
yaw: 202.2128
pitch: 8.099998
name: jungle
